Distribution for frh01:
3    6514
5    17659
10   5593
1    30368
9    1107
4    1521
7    6276
12   8538
8    32650
0    13046
11   52011
2    43990
6    944

 distribution for frh02:
12   14266
2    36593
11   39082
7    3660
4    3267
8    36512
1    15005
0    10733
5    12126
10   2346
3    4329
9    461
6    350

 distribution for frh03:
1    27189
8    32534
11   52728
2    41992
12   3679
3    7639
5    21194
4    2814
0    7148
10   3557
7    4516
9    1079
6    1223

Total distribution across all regions (frh01-frh03):
3    18482
5    50979
10   11496
1    72562
9    2647
4    7602
7    14452
12   26483
8    101696
0    30927
11   143821
2    122575
6    2517

Class distribution for frh04:
11   38391
5    15571
1    16993
4    4555
2    31333
8    26117
7    5784
0    5978
12   3851
3    4541
10   3236
9    655
6    553
