distribution for frh01:
3    6414
5    5697
10   5574
1    30278
9    1096
4    1166
7    6238
12   8138
8    28029
0    12989
11   48227
2    43810
6    769

distribution for frh02:
12   13637
2    36468
7    3631
4    2640
8    33149
11   37351
1    14955
0    10691
5    3602
10   2343
3    4284
9    451
6    293

distribution for frh03:
1    27065
8    26646
11   44163
2    41742
12   3240
4    1527
0    7109
10   3536
5    3844
7    4476
3    7492
9    1076
6    1055

Total distribution across all regions (frh01-frh03):
3    18190
5    13143
10   11453
1    72298
9    2623
4    5333
7    14345
12   25015
8    87824
0    30789
11   129741
2    122020
6    2117

Class distribution for frh04:
11   34949
5    4117
1    16909
4    3367
2    31152
8    23217
7    5742
0    5945
12   3486
3    4434
10   3223
9    651
6    456
